角度メモ

j2 : 47
j3 : -123
j4 : 75
j6 : 83

28.533840914322443, 28.55841627685335, 28.547834730457406